0.000000
0.000000
0.000000
0.000000
0.000000
0.000000
0.000000
0.000000
0.000000
0.000000
0.000000
2.000000
2.000000
2.000000
6.000000
8.000000
9.000000
11.000000
15.000000
17.000000
21.000000
24.000000
26.000000
30.000000
34.000000
38.000000
41.000000
45.000000
45.000000
53.000000
53.000000
58.000000
60.000000
62.000000
64.000000
69.000000
68.000000
73.000000
73.000000
73.000000
77.000000
77.000000
77.000000
79.000000
79.000000
81.000000
79.000000
79.000000
79.000000
79.000000
77.000000
77.000000
75.000000
73.000000
73.000000
71.000000
71.000000
68.000000
66.000000
66.000000
62.000000
62.000000
58.000000
56.000000
54.000000
53.000000
49.000000
47.000000
43.000000
39.000000
38.000000
34.000000
32.000000
28.000000
24.000000
21.000000
21.000000
17.000000
13.000000
11.000000
9.000000
8.000000
6.000000
4.000000
2.000000
2.000000
0.000000
0.000000
0.000000
0.000000
0.000000
0.000000
0.000000
0.000000
0.000000
2.000000
2.000000
4.000000
4.000000
8.000000
9.000000
11.000000
15.000000
17.000000
21.000000
23.000000
28.000000
30.000000
34.000000
36.000000
41.000000
45.000000
45.000000
51.000000
54.000000
56.000000
58.000000
64.000000
64.000000
68.000000
68.000000
71.000000
73.000000
73.000000
77.000000
75.000000
79.000000
79.000000
77.000000
79.000000
79.000000
77.000000
79.000000
79.000000
77.000000
77.000000
75.000000
73.000000
73.000000
71.000000
69.000000
68.000000
66.000000
66.000000
62.000000
62.000000
58.000000
56.000000
56.000000
51.000000
51.000000
45.000000
45.000000
39.000000
38.000000
34.000000
32.000000
28.000000
24.000000
23.000000
21.000000
17.000000
13.000000
13.000000
9.000000
8.000000
6.000000
4.000000
2.000000
2.000000
0.000000
0.000000
0.000000
0.000000
0.000000
0.000000
0.000000
0.000000
0.000000
2.000000
2.000000
2.000000
4.000000
8.000000
9.000000
11.000000
13.000000
17.000000
21.000000
23.000000
26.000000
30.000000
34.000000
36.000000
41.000000
43.000000
47.000000
51.000000
53.000000
58.000000
58.000000
62.000000
64.000000
68.000000
69.000000
71.000000
73.000000
73.000000
75.000000
77.000000
77.000000
79.000000
79.000000
79.000000
79.000000
79.000000
79.000000
77.000000
79.000000
75.000000
75.000000
75.000000
73.000000
69.000000
71.000000
68.000000
66.000000
66.000000
62.000000
62.000000
58.000000
56.000000
56.000000
51.000000
51.000000
45.000000
45.000000
41.000000
38.000000
34.000000
32.000000
28.000000
26.000000
23.000000
21.000000
17.000000
15.000000
11.000000
11.000000
8.000000
6.000000
6.000000
2.000000
2.000000
0.000000
0.000000
2.000000
0.000000
0.000000
2.000000
2.000000
2.000000
4.000000
2.000000
4.000000
4.000000
8.000000
8.000000
9.000000
13.000000
13.000000
17.000000
21.000000
23.000000
26.000000
30.000000
32.000000
36.000000
39.000000
41.000000
45.000000
51.000000
51.000000
56.000000
56.000000
60.000000
64.000000
64.000000
68.000000
69.000000
71.000000
71.000000
75.000000
73.000000
77.000000
77.000000
77.000000
77.000000
79.000000
77.000000
77.000000
77.000000
77.000000
75.000000
75.000000
73.000000
71.000000
71.000000
69.000000
68.000000
66.000000
64.000000
64.000000
60.000000
60.000000
56.000000
54.000000
53.000000
51.000000
47.000000
43.000000
43.000000
38.000000
38.000000
32.000000
30.000000
28.000000
24.000000
23.000000
19.000000
17.000000
13.000000
13.000000
9.000000
9.000000
6.000000
6.000000
4.000000
4.000000
2.000000
0.000000
0.000000
0.000000
0.000000
0.000000
0.000000
0.000000
2.000000
0.000000
2.000000
6.000000
4.000000
8.000000
11.000000
13.000000
13.000000
19.000000
21.000000
24.000000
28.000000
30.000000
34.000000
38.000000
43.000000
43.000000
49.000000
51.000000
54.000000
56.000000
60.000000
64.000000
64.000000
68.000000
69.000000
71.000000
73.000000
75.000000
77.000000
77.000000
77.000000
79.000000
79.000000
79.000000
81.000000
79.000000
79.000000
77.000000
79.000000
75.000000
75.000000
75.000000
71.000000
71.000000
69.000000
68.000000
66.000000
66.000000
62.000000
62.000000
58.000000
56.000000
54.000000
53.000000
47.000000
47.000000
43.000000
39.000000
38.000000
32.000000
32.000000
26.000000
24.000000
23.000000
19.000000
15.000000
13.000000
11.000000
8.000000
8.000000
6.000000
4.000000
2.000000
2.000000
0.000000
0.000000
0.000000
0.000000
0.000000
0.000000
0.000000
0.000000
0.000000
2.000000
2.000000
4.000000
6.000000
8.000000
9.000000
11.000000
15.000000
17.000000
19.000000
24.000000
28.000000
30.000000
34.000000
38.000000
41.000000
43.000000
49.000000
51.000000
53.000000
58.000000
60.000000
62.000000
66.000000
68.000000
69.000000
71.000000
73.000000
73.000000
77.000000
77.000000
79.000000
77.000000
81.000000
79.000000
79.000000
79.000000
79.000000
79.000000
77.000000
75.000000
77.000000
73.000000
73.000000
71.000000
69.000000
68.000000
66.000000
66.000000
62.000000
60.000000
60.000000
56.000000
53.000000
53.000000
49.000000
47.000000
41.000000
39.000000
38.000000
34.000000
30.000000
26.000000
24.000000
23.000000
19.000000
15.000000
13.000000
9.000000
9.000000
6.000000
6.000000
4.000000
2.000000
0.000000
0.000000
0.000000
0.000000
0.000000
0.000000
0.000000
0.000000
2.000000
0.000000
2.000000
2.000000
4.000000
6.000000
9.000000
9.000000
13.000000
13.000000
19.000000
21.000000
24.000000
26.000000
32.000000
34.000000
38.000000
41.000000
43.000000
49.000000
51.000000
53.000000
58.000000
60.000000
62.000000
66.000000
66.000000
69.000000
71.000000
73.000000
75.000000
75.000000
77.000000
77.000000
79.000000
79.000000
79.000000
79.000000
79.000000
79.000000
77.000000
79.000000
75.000000
75.000000
73.000000
73.000000
71.000000
69.000000
68.000000
66.000000
66.000000
62.000000
62.000000
58.000000
58.000000
53.000000
53.000000
49.000000
47.000000
43.000000
39.000000
38.000000
34.000000
30.000000
26.000000
26.000000
21.000000
19.000000
15.000000
13.000000
11.000000
9.000000
6.000000
6.000000
4.000000
2.000000
2.000000
0.000000
0.000000
0.000000
0.000000
0.000000
0.000000
0.000000
0.000000
0.000000
2.000000
2.000000
4.000000
6.000000
8.000000
9.000000
13.000000
13.000000
17.000000
21.000000
24.000000
26.000000
30.000000
34.000000
38.000000
39.000000
45.000000
47.000000
51.000000
54.000000
56.000000
60.000000
62.000000
66.000000
66.000000
71.000000
69.000000
73.000000
75.000000
75.000000
79.000000
77.000000
77.000000
81.000000
77.000000
81.000000
79.000000
77.000000
79.000000
77.000000
77.000000
75.000000
73.000000
73.000000
71.000000
69.000000
68.000000
66.000000
66.000000
62.000000
62.000000
58.000000
56.000000
54.000000
53.000000
49.000000
47.000000
43.000000
39.000000
38.000000
34.000000
30.000000
28.000000
24.000000
23.000000
19.000000
17.000000
13.000000
11.000000
9.000000
8.000000
6.000000
4.000000
2.000000
2.000000
0.000000
0.000000
0.000000
0.000000
0.000000
0.000000
0.000000
0.000000
2.000000
0.000000
2.000000
4.000000
6.000000
8.000000
9.000000
11.000000
13.000000
17.000000
19.000000
23.000000
26.000000
30.000000
32.000000
38.000000
41.000000
41.000000
47.000000
51.000000
53.000000
56.000000
60.000000
62.000000
64.000000
68.000000
69.000000
69.000000
73.000000
75.000000
75.000000
77.000000
79.000000
79.000000
79.000000
79.000000
81.000000
79.000000
79.000000
79.000000
79.000000
77.000000
75.000000
75.000000
73.000000
73.000000
69.000000
69.000000
66.000000
66.000000
64.000000
62.000000
60.000000
58.000000
54.000000
53.000000
49.000000
47.000000
45.000000
39.000000
38.000000
36.000000
30.000000
28.000000
24.000000
23.000000
19.000000
15.000000
13.000000
11.000000
8.000000
8.000000
4.000000
4.000000
2.000000
0.000000
0.000000
0.000000
0.000000
0.000000
0.000000
0.000000
0.000000
0.000000
0.000000
0.000000
0.000000
4.000000
4.000000
8.000000
8.000000
9.000000
13.000000
17.000000
19.000000
23.000000
26.000000
28.000000
34.000000
36.000000
39.000000
43.000000
47.000000
51.000000
53.000000
56.000000
58.000000
64.000000
64.000000
68.000000
69.000000
71.000000
73.000000
75.000000
75.000000
79.000000
77.000000
81.000000
79.000000
81.000000
79.000000
81.000000
79.000000
81.000000
77.000000
79.000000
75.000000
75.000000
75.000000
73.000000
69.000000
69.000000
68.000000
66.000000
64.000000
62.000000
60.000000
58.000000
54.000000
53.000000
49.000000
49.000000
43.000000
41.000000
38.000000
34.000000
30.000000
28.000000
26.000000
21.000000
19.000000
15.000000
13.000000
11.000000
8.000000
8.000000
4.000000
2.000000
2.000000
0.000000
0.000000
0.000000
0.000000
0.000000
0.000000
0.000000
2.000000
2.000000
4.000000
2.000000
4.000000
6.000000
6.000000
8.000000
8.000000
13.000000
13.000000
17.000000
21.000000
23.000000
26.000000
30.000000
32.000000
38.000000
39.000000
41.000000
47.000000
49.000000
53.000000
56.000000
58.000000
60.000000
64.000000
66.000000
68.000000
69.000000
73.000000
73.000000
73.000000
77.000000
75.000000
79.000000
79.000000
77.000000
79.000000
79.000000
77.000000
79.000000
75.000000
77.000000
75.000000
73.000000
73.000000
71.000000
68.000000
69.000000
66.000000
66.000000
62.000000
62.000000
58.000000
58.000000
54.000000
53.000000
49.000000
47.000000
45.000000
41.000000
38.000000
36.000000
32.000000
30.000000
26.000000
23.000000
21.000000
17.000000
15.000000
13.000000
9.000000
9.000000
6.000000
6.000000
4.000000
4.000000
2.000000
0.000000
0.000000
254.000000
0.000000
254.000000
0.000000
0.000000
0.000000
2.000000
0.000000
2.000000
2.000000
2.000000
6.000000
8.000000
11.000000
13.000000
15.000000
21.000000
24.000000
26.000000
32.000000
34.000000
38.000000
41.000000
45.000000
51.000000
51.000000
56.000000
58.000000
64.000000
64.000000
68.000000
69.000000
71.000000
75.000000
75.000000
79.000000
77.000000
81.000000
81.000000
81.000000
81.000000
83.000000
83.000000
81.000000
83.000000
79.000000
81.000000
79.000000
77.000000
77.000000
75.000000
73.000000
71.000000
69.000000
68.000000
68.000000
64.000000
64.000000
58.000000
58.000000
54.000000
53.000000
49.000000
45.000000
41.000000
39.000000
34.000000
32.000000
28.000000
24.000000
21.000000
