0.000000
0.783091
2.705672
5.539836
12.402900
22.997580
37.749472
52.412802
58.783606
65.928960
75.136597
85.178575
99.457113
112.136307
120.221363
128.072534
132.766805
136.779929
141.918580
144.766092
148.142117
150.146438
153.303240
153.816024
156.029772
157.111630
159.760404
160.164018
161.708287
161.902837
162.664692
163.540387
163.728177
164.720705
164.938900
165.254677
165.820614
166.367450
166.187787
166.744021
166.453802
166.904011
167.399276
166.808114
167.672263
167.933460
168.797994
168.354266
168.099535
168.493184
169.157491
169.342115
169.117908
169.209316
169.251641
169.816187
169.262981
169.901723
168.907635
169.683119
169.932344
169.980543
169.978848
170.342496
170.651912
169.758047
170.665025
171.221360
170.237743
170.822927
170.776327
170.854469
171.158754
171.033653
170.708564
170.936981
170.995743
171.110513
170.869545
171.607788
170.829959
171.068861
171.287562
171.355432
171.500454
171.651662
171.118538
171.675268
171.099826
171.802068
170.784439
171.675059
171.928523
171.979473
171.978826
171.917459
171.951789
171.971840
171.958739
172.560650
172.475195
172.115769
172.026077
172.270014
172.943210
172.211857
172.043159
173.201566
172.399332
172.128901
173.316167
172.228005
172.045107
172.429068
172.306140
172.067735
173.317759
172.163376
172.430934
172.088515
172.868803
172.642065
172.414491
172.758145
172.279188
172.833813
172.988124
172.165596
172.680504
172.977562
172.792907
172.917730
173.005485
172.425287
173.159864
173.064754
173.029611
172.923370
173.023831
172.745427
173.620523
173.054378
173.269785
173.870712
173.165025
173.093340
173.296199
172.998288
173.421401
173.036363
173.774825
173.381174
172.904085
173.091346
173.364676
173.854251
173.159299
173.594923
173.860432
173.319715
173.879115
172.845772
173.680188
173.626136
173.167134
173.542607
173.106557
172.738842
173.791305
173.154830
173.142977
173.384007
173.859976
173.149939
173.636447
173.921359
173.343251
173.600557
173.927777
173.983214
173.140002
173.018127
173.677886
173.938278
173.982826
173.978336
173.984427
173.187630
173.924191
173.986507
173.984598
173.897716
173.954523
173.979780
173.966030
173.874498
173.948338
174.749197
173.583454
174.176319
174.203165
174.324122
174.064810
174.018301
174.775910
174.401448
174.092424
174.023144
174.070279
174.044628
174.947437
174.105244
174.021853
174.020642
174.786789
173.943241
174.585528
174.153011
174.031431
175.295744
174.049168
174.008581
174.987791
174.139479
174.672167
174.384076
174.069148
175.045689
174.122951
174.057721
174.849364
174.128386
174.022997
174.680782
173.603462
174.637585
174.118460
175.517565
174.266206
174.789295
173.643518
174.655262
174.527530
174.585790
174.188154
174.712984
174.189628
174.766994
174.911834
174.196012
174.497521
174.764882
174.679892
174.147167
174.755993
174.855732
173.685020
174.698725
175.136901
174.315851
174.716525
174.298087
174.765956
174.165713
174.781812
174.143406
174.785223
174.140886
174.793662
174.147054
174.835426
174.421232
174.157995
174.764203
174.128860
174.088407
174.878787
174.426320
174.138019
174.773896
174.671607
174.467065
175.058805
174.233043
174.781567
174.871815
174.836023
175.023479
174.273595
174.836571
174.792920
174.749496
174.575213
174.872045
175.140215
174.311796
175.586027
175.058701
174.837591
174.675958
174.723233
175.100612
175.060188
175.038606
174.889571
174.759514
175.047260
175.042151
175.259464
174.420714
174.985964
175.104451
175.008425
174.733830
174.874558
175.689585
175.037013
174.911096
174.816134
175.130527
175.052023
174.498832
175.215648
175.209106
175.071004
175.161086
175.345638
175.376187
175.335819
175.086882
175.029168
175.416062
175.397623
175.848805
175.232126
175.849830
175.211332
175.854008
175.215819
175.085482
175.785679
175.528287
175.339296
175.079224
175.017096
174.882592
174.712460
175.660812
175.138706
174.955805
175.006145
174.788590
175.675208
175.119341
175.860200
175.112264
175.082426
175.848213
175.090818
175.021958
175.513477
175.330111
175.190396
175.723001
175.180221
175.004317
175.833758
175.216426
174.927935
175.798465
175.151264
175.804947
175.183089
175.856997
175.337474
175.884121
174.768154
175.685631
175.629139
175.162763
175.803792
174.990113
175.711847
175.042127
175.885778
174.901621
174.967454
175.660127
175.617644
175.183207
175.811690
174.869829
175.717538
175.948546
175.165359
175.904503
175.259168
175.871317
175.920226
175.165176
175.816711
175.693203
175.223855
175.828737
175.249563
175.906411
175.282486
175.875373
174.796489
175.733868
175.508062
175.434920
175.836125
175.954494
175.307954
175.854379
175.683389
175.257936
175.840213
175.282948
174.899294
175.831523
175.297382
175.617351
174.919184
175.927509
175.224235
175.609530
175.891559
175.507510
175.914411
175.105260
175.712605
175.518966
175.428717
175.858776
175.233091
175.842622
175.214254
175.129198
175.736747
175.455289
175.496335
174.888870
175.804221
175.192390
175.572515
175.854652
175.338937
175.882945
175.918131
175.156840
175.809098
175.966923
175.201277
175.688792
175.939615
174.916256
175.854936
175.972880
175.362117
175.887625
175.926152
174.468262
175.447815
175.898373
175.979869
175.984549
175.932973
175.952425
175.966232
175.949976
175.899923
175.883727
175.867784
175.352016
176.384501
176.137502
176.246555
176.050460
176.018526
176.028829
176.122876
176.050930
176.021110
176.031727
175.493685
176.591914
176.313048
176.057719
176.016355
176.787270
176.046840
176.397176
176.083487
176.020710
176.375269
176.528263
175.840382
176.392425
175.886191
175.816845
176.677525
176.260686
175.670446
174.995820
175.494786
175.912127
175.982261
175.983830
175.919582
175.952814
175.972313
175.956906
175.889533
175.851584
174.689534
175.696391
175.937009
175.980767
175.976348
175.992981
