0.000000
0.783086
2.705655
5.539879
12.360626
21.655007
34.539141
49.049036
61.470355
71.915951
82.781870
90.444511
98.110927
107.704480
115.629840
119.716359
119.148203
119.892926
120.191559
119.256776
119.590147
119.936235
119.857321
119.581833
120.259658
119.193019
119.801541
120.231152
119.635895
119.640552
120.320893
119.131532
120.405391
120.075264
120.013776
120.011539
120.406781
119.313225
120.046987
120.189291
120.042771
120.009664
120.715364
119.118589
120.152792
120.031217
120.012639
120.226451
119.743095
119.576885
120.294754
120.056213
120.010720
120.349206
119.827976
119.194821
119.793740
120.722081
119.750866
119.536463
120.273073
120.090267
120.017146
120.547512
119.741346
119.414473
120.085018
120.018118
120.306258
120.068483
120.390127
119.740513
119.641510
120.048596
120.403597
120.151515
120.028860
120.011405
120.530034
120.103454
120.021260
120.267317
119.588853
120.259936
119.998217
119.528585
120.349431
120.034991
120.040007
119.977439
119.636677
120.062528
120.012424
120.659209
120.134198
120.027395
120.165568
119.697295
120.060883
120.485014
119.299225
120.211549
120.139133
120.026072
120.011140
120.534504
120.094116
120.386302
119.744081
119.581590
120.619877
119.876757
119.226626
119.825738
120.206602
119.314198
120.211710
120.415042
119.680706
119.997798
119.999549
120.082744
120.275820
120.050044
120.011688
120.115349
120.032149
120.217103
120.037855
120.009884
120.446306
119.330129
120.104467
120.099747
120.017564
120.473157
120.083104
119.245522
120.173723
120.459133
119.391618
120.014051
120.277242
120.143761
119.268959
120.100436
118.872616
120.339459
120.008919
120.032417
120.271929
120.047087
120.010678
120.415433
119.955433
119.599208
120.364673
119.794624
119.226464
120.321164
120.117574
120.355935
119.278018
119.707265
120.300821
120.096067
120.078767
120.377374
120.065660
120.012766
120.774070
119.066366
120.479139
120.133653
120.023287
120.431267
119.538111
119.857082
120.152084
120.356990
119.234241
120.451022
120.154078
120.027052
120.706108
119.045606
120.486303
120.117300
120.043234
120.345613
119.299573
120.221483
119.617751
119.633849
119.832685
119.748126
120.239604
120.046199
120.012208
120.533952
119.072509
119.718489
120.689482
119.365944
119.949113
120.322777
119.064188
119.894109
120.185712
120.034193
120.393547
119.801751
119.226430
120.321313
120.125542
120.028000
120.469475
119.455295
119.695296
120.240548
120.042726
120.175226
119.242021
119.629784
120.297126
120.057014
120.010940
120.015550
120.511401
120.103610
119.600061
120.031636
120.222586
119.232442
120.171752
120.096083
120.018371
120.011930
120.762921
119.100558
120.473205
120.130922
120.022736
120.009685
120.445445
119.125943
120.411430
120.102767
120.018033
120.398582
119.808253
119.209878
120.319452
120.128023
120.114759
120.406237
119.080317
120.485268
120.122513
120.021226
120.009616
120.801874
119.137356
120.462792
120.143118
120.024967
120.009801
120.217147
120.362844
119.170207
120.398953
120.060817
120.011201
120.012246
120.479021
119.121144
120.283708
120.127559
120.023259
120.732749
119.060277
120.487412
120.116499
120.020172
120.409657
119.049281
119.556328
120.437158
120.121896
120.021649
120.010246
120.446846
119.121888
119.932899
120.507490
119.145527
119.812525
120.299969
119.694835
119.145933
120.022975
119.986664
119.997409
120.329365
119.658778
119.621140
120.375372
119.075847
120.447685
120.118873
120.020622
120.009697
120.423658
119.330406
119.716299
120.472683
119.981364
119.996472
120.224421
120.508247
119.564371
119.677127
120.355915
119.215692
119.712697
120.644252
119.301681
119.890287
120.450579
119.304497
120.191699
120.038525
120.010479
120.385161
119.292560
119.749411
120.458312
119.500961
120.272731
119.286371
119.464159
120.027701
120.283210
120.056522
120.013414
120.012531
120.054519
120.362703
119.334653
120.160600
119.368949
119.598664
120.328325
119.996665
119.999393
120.287703
119.200755
119.709276
120.216501
119.290002
120.212788
120.094568
120.016487
120.010098
120.036420
120.392947
119.291884
119.916038
120.263708
119.170131
120.391930
119.319510
119.794080
120.291743
120.061830
120.014633
120.012282
120.048743
120.277719
120.360086
119.178285
120.172177
120.255282
119.294201
119.674046
120.311681
120.097230
120.018821
120.009964
120.031175
120.077366
119.784471
120.226671
120.225105
119.258839
120.148775
120.173402
120.032996
120.011436
120.019072
120.914462
119.241524
119.941008
120.501340
119.426414
120.132239
120.020727
120.004046
120.017846
120.030309
119.860756
119.630727
120.438403
119.006247
119.744887
120.457735
120.062467
119.348511
120.134823
120.032233
120.015899
120.243843
119.199898
119.579399
120.369913
119.310469
120.112404
120.184758
120.032116
120.009867
120.017472
120.100409
120.427770
119.715845
120.260755
119.785983
119.242668
120.321692
120.102486
119.746019
119.164527
120.407651
119.939881
119.912032
120.398600
119.127244
119.952085
120.398705
118.879672
120.505277
119.236644
119.753967
119.951844
120.052705
120.471976
119.142966
119.720225
120.444985
119.140446
120.405912
120.087811
119.969354
119.074464
120.435704
119.759458
119.644941
119.917261
120.182947
119.530308
120.443556
119.401701
120.317640
118.943079
119.965783
120.173183
120.100259
120.025596
120.012176
120.026340
119.688437
119.824091
120.367845
119.614263
119.540627
119.938261
120.375216
119.175296
120.133526
120.258819
119.328360
119.582332
120.323373
119.921058
119.985330
119.989974
119.958805
120.308021
119.204198
120.100362
120.153517
119.154347
120.180432
120.040333
120.014387
120.018601
120.069917
120.034740
120.237094
119.405298
119.972521
120.449170
119.406609
