0.000000
11.400156
22.109605
32.170194
41.621236
50.499663
58.840168
66.675342
74.035801
80.950309
87.445883
93.547906
99.280222
104.665232
108.438351
110.641425
111.937660
112.710028
113.179675
113.474304
113.667659
113.802325
113.902895
113.983572
114.052558
114.114592
114.172413
114.227603
114.281079
114.333371
114.384786
114.435506
114.485635
114.535235
114.584345
114.632988
114.681180
114.728930
114.776247
114.823136
114.869603
114.915651
114.961286
115.006511
115.051330
115.095746
115.139764
115.183386
115.226617
115.269460
115.311919
115.353996
115.395696
115.437021
115.477975
115.518562
115.558785
115.598647
115.638150
115.677300
115.716098
115.754547
115.792652
115.830414
115.867838
115.904926
115.941681
115.978106
116.014204
116.049978
116.085431
116.120565
116.155385
116.189892
116.224089
116.257979
116.291565
116.324850
116.357836
116.390525
116.422922
116.455027
116.486845
116.518377
116.549626
116.580594
116.611285
116.641700
116.671842
116.701713
116.731317
116.760654
116.789729
116.818542
116.847097
116.875395
116.903440
116.931233
116.958776
116.986072
117.013123
117.039932
117.066499
117.092829
117.118922
117.144781
117.170407
117.195804
117.220973
117.245915
117.270634
117.295131
117.319409
117.343468
117.367311
117.390941
117.414358
117.437565
117.460564
117.483356
117.505944
117.528329
117.550514
117.572499
117.594286
117.615879
117.637277
117.658483
117.679499
117.700327
117.720967
117.741422
117.761694
117.781784
117.801693
117.821424
117.840977
117.860355
117.879559
117.898591
117.917452
117.936144
117.954668
117.973025
117.991218
118.009248
118.027116
118.044823
118.062371
118.079762
118.096997
118.114077
118.131004
118.147779
118.164404
118.180879
118.197206
118.213387
118.229422
118.245314
118.261063
118.276671
118.292138
118.307467
118.322658
118.337713
118.352632
118.367418
118.382071
118.396593
118.410984
118.425246
118.439380
118.453387
118.467269
118.481025
118.494659
118.508170
118.521560
118.534829
118.547980
118.561012
118.573928
118.586727
118.599412
118.611983
118.624441
118.636787
118.649022
118.661148
118.673164
118.685073
118.696875
118.708571
118.720162
118.731649
118.743033
118.754315
118.765495
118.776576
118.787556
118.798438
118.809223
118.819911
118.830502
118.840999
118.851402
118.861711
118.871927
118.882052
118.892086
118.902030
118.911885
118.921651
118.931330
118.940921
118.950427
118.959847
118.969183
118.978435
118.987604
118.996691
119.005696
119.014620
119.023464
119.032229
119.040915
119.049523
119.058054
119.066508
119.074887
119.083190
119.091419
119.099574
119.107655
119.115664
119.123602
119.131468
119.139263
119.146989
119.154645
119.162232
119.169751
119.177203
119.184588
119.191907
119.199160
119.206348
119.213471
119.220530
119.227526
119.234460
119.241331
119.248140
119.254888
119.261576
119.268203
119.274772
119.281281
119.287732
119.294124
119.300460
119.306739
119.312961
119.319127
119.325238
119.331295
119.337297
119.343245
119.349139
119.354981
119.360770
119.366508
119.372193
119.377828
119.383412
119.388947
119.394431
119.399866
119.405253
119.410591
119.415881
119.421124
119.426319
119.431468
119.436571
119.441628
119.446640
119.451606
119.456528
119.461406
119.466240
119.471031
119.475779
119.480484
119.485147
119.489768
119.494347
119.498885
119.503383
119.507841
119.512258
119.516636
119.520974
119.525273
119.529534
119.533757
119.537942
119.542089
119.546199
119.550272
119.554308
119.558308
119.562273
119.566201
119.570095
119.573954
119.577777
119.581567
119.585323
119.589045
119.592733
119.596388
119.600011
119.603601
119.607159
119.610685
119.614179
119.617642
119.621074
119.624475
119.627845
119.631185
119.634496
119.637776
119.641027
119.644249
119.647442
119.650607
119.653743
119.656850
119.659930
119.662982
119.666007
119.669005
119.671976
119.674920
119.677838
119.680729
119.683595
119.686435
119.689249
119.692038
119.694802
119.697542
119.700256
119.702947
119.705613
119.708255
119.710873
119.713468
119.716040
119.718589
119.721115
119.723618
119.726098
119.728557
119.730993
119.733407
119.735800
119.738172
119.740522
119.742850
119.745158
119.747446
119.749713
119.751959
119.754185
119.756392
119.758578
119.760745
119.762892
119.765020
119.767129
119.769220
119.771291
119.773344
119.775378
119.777394
119.779392
119.781372
119.783334
119.785279
119.787206
119.789116
119.791009
119.792885
119.794744
119.796586
119.798412
119.800221
119.802014
119.803791
119.805552
119.807297
119.809027
119.810741
119.812440
119.814123
119.815791
119.817445
119.819083
119.820707
119.822316
119.823911
119.825491
119.827058
119.828610
119.830148
119.831673
119.833183
119.834681
119.836165
119.837635
119.839092
119.840537
119.841968
119.843386
119.844792
119.846185
119.847565
119.848934
119.850289
119.851633
119.852965
119.854285
119.855592
119.856888
119.858173
119.859446
119.860707
119.861958
119.863197
119.864425
119.865641
119.866847
119.868042
119.869227
119.870400
119.871564
119.872716
119.873859
119.874991
119.876113
119.877225
119.878327
119.879419
119.880501
119.881574
119.882637
119.883690
119.884734
119.885769
119.886794
119.887810
119.888817
119.889815
119.890804
119.891784
119.892755
119.893718
119.894672
119.895617
119.896554
119.897482
119.898402
119.899314
119.900218
119.901114
119.902001
119.902881
119.903752
119.904616
119.905472
119.906321
119.907162
119.907995
119.908821
119.909639
119.910450
119.911254
119.912050
119.912840
119.913622
119.914397
119.915166
119.915927
119.916682
119.917429
119.918170
119.918905
119.919633
119.920354
119.921069
119.921777
119.922479
119.923175
119.923865
119.924548
119.925225
119.925896
119.926562
119.927221
119.927874
119.928521
119.929163
119.929799
119.930429
119.931053
119.931672
119.932285
119.932893
119.933495
119.934092
119.934684
119.935270
119.935851
119.936427
119.936997
119.937563
119.938123
119.938679
119.939229
119.939774
119.940315
119.940851
119.941382
119.941908
119.942429
119.942946
119.943458
119.943965
119.944468
119.944967
119.945461
119.945950
119.946435
119.946916
119.947392
119.947865
119.948333
119.948796
119.949256
119.949711
119.950163
119.950610
119.951053
119.951493
119.951928
119.952359
119.952787
119.953211
119.953631
119.954047
119.954459
119.954868
119.955273
119.955675
119.956072
119.956467
119.956857
119.957245
119.957628
119.958009
119.958386
119.958759
119.959129
119.959496
119.959860
119.960220
119.960577
119.960931
119.961281
119.961629
119.961973
119.962315
119.962653
119.962988
119.963320
119.963650
119.963976
119.964299
119.964620
119.964937
119.965252
119.965564
119.965873
119.966179
119.966483
119.966783
119.967082
119.967377
119.967670
119.967960
119.968248
119.968533
119.968815
119.969095
119.969372
119.969647
119.969920
119.970190
119.970457
119.970722
119.970985
119.971246
119.971504
119.971759
119.972013
119.972264
119.972513
119.972760
119.973004
119.973246
119.973487
119.973725
119.973960
119.974194
119.974426
119.974655
119.974883
119.975108
119.975332
119.975553
119.975772
119.975990
119.976205
119.976419
119.976631
119.976840
119.977048
119.977254
119.977458
119.977661
119.977861
119.978060
119.978257
119.978452
119.978645
119.978837
119.979027
119.979215
119.979402
119.979587
119.979770
119.979951
119.980131
119.980310
119.980486
119.980662
119.980835
119.981007
119.981178
119.981347
119.981514
119.981680
119.981844
119.982007
119.982169
119.982329
119.982487
119.982645
119.982800
119.982955
119.983108
119.983259
119.983410
119.983559
119.983706
119.983852
119.983997
119.984141
119.984283
119.984424
119.984564
119.984703
119.984840
119.984976
119.985111
119.985244
119.985377
119.985508
119.985638
119.985767
119.985895
119.986021
119.986147
119.986271
119.986395
119.986517
119.986638
119.986758
119.986876
119.986994
119.987111
119.987227
119.987341
119.987455
119.987567
119.987679
119.987790
119.987899
119.988008
119.988116
119.988222
119.988328
119.988433
119.988536
119.988639
119.988741
119.988842
119.988943
119.989042
119.989140
119.989238
119.989334
119.989430
119.989525
119.989619
119.989712
119.989804
119.989896
119.989987
119.990076
119.990165
119.990254
119.990341
119.990428
119.990514
119.990599
119.990683
119.990767
119.990850
119.990932
119.991013
119.991094
119.991174
119.991253
119.991332
119.991409
119.991487
119.991563
119.991639
119.991714
119.991788
119.991862
119.991935
119.992007
119.992079
119.992150
119.992221
119.992290
119.992360
119.992428
119.992496
119.992563
119.992630
119.992696
119.992762
119.992827
119.992891
119.992955
119.993018
119.993081
119.993143
119.993205
119.993266
119.993326
119.993386
119.993445
119.993504
119.993562
119.993620
119.993677
119.993734
119.993790
119.993846
119.993901
119.993956
119.994010
119.994064
119.994117
119.994170
119.994223
119.994274
119.994326
119.994377
119.994427
119.994477
119.994527
119.994576
119.994625
119.994673
119.994721
119.994768
119.994815
119.994862
119.994908
119.994953
119.994999
119.995044
119.995088
119.995132
119.995176
119.995219
119.995262
119.995305
119.995347
119.995388
119.995430
119.995471
119.995512
119.995552
119.995592
119.995631
119.995670
119.995709
119.995748
119.995786
119.995824
119.995861
119.995898
119.995935
119.995972
119.996008
119.996044
119.996079
119.996114
119.996149
119.996184
119.996218
119.996252
119.996286
119.996319
119.996352
119.996385
119.996417
119.996449
119.996481
119.996513
119.996544
119.996575
119.996606
119.996636
119.996667
119.996697
119.996726
119.996756
119.996785
119.996814
119.996842
119.996870
119.996899
119.996926
119.996954
119.996981
119.997008
119.997035
119.997062
119.997088
119.997114
119.997140
119.997166
119.997191
119.997217
119.997242
119.997266
119.997291
119.997315
119.997339
119.997363
119.997387
119.997410
119.997434
119.997457
119.997479
119.997502
119.997524
119.997547
119.997569
119.997590
119.997612
119.997634
119.997655
119.997676
119.997697
119.997717
119.997738
119.997758
119.997778
119.997798
119.997818
119.997838
119.997857
119.997876
119.997895
119.997914
119.997933
119.997951
119.997970
119.997988
119.998006
119.998024
119.998042
119.998059
119.998077
119.998094
119.998111
119.998128
119.998145
119.998162
119.998178
119.998194
119.998211
119.998227
119.998243
119.998258
119.998274
119.998289
119.998305
119.998320
119.998335
119.998350
119.998365
119.998380
119.998394
119.998408
119.998423
119.998437
119.998451
119.998465
119.998479
119.998492
119.998506
119.998519
119.998533
119.998546
119.998559
119.998572
119.998585
119.998597
119.998610
119.998622
119.998635
119.998647
119.998659
119.998671
119.998683
119.998695
119.998707
119.998718
119.998730
119.998741
119.998752
119.998764
119.998775
119.998786
119.998797
119.998807
119.998818
119.998829
119.998839
119.998850
119.998860
119.998870
119.998880
119.998890
119.998900
119.998910
119.998920
119.998930
119.998939
119.998949
119.998958
119.998968
119.998977
119.998986
119.998995
119.999004
119.999013
119.999022
119.999031
119.999039
119.999048
119.999057
119.999065
119.999073
119.999082
119.999090
119.999098
119.999106
