0.000000
9.294760
18.004570
26.166244
33.814277
40.980994
47.696686
53.989737
59.886746
65.412638
70.590766
75.443018
79.989903
84.250636
88.243228
91.984553
95.490424
98.775660
101.854144
104.738890
107.442089
109.975167
112.348830
114.573111
116.657410
118.610538
120.440749
122.155778
123.762876
125.268833
126.680016
128.002388
129.241539
130.402706
131.490797
132.510411
133.465858
134.361175
135.200147
135.986319
136.723015
137.413349
138.060237
138.666415
139.234444
139.766725
140.265508
140.732901
141.170879
141.581294
141.965880
142.326263
142.663965
142.980415
143.267300
143.246360
142.882533
142.227505
141.330321
140.237005
138.990287
137.629412
136.190026
134.704130
133.200101
131.702753
130.233452
128.810264
127.448131
126.159070
124.952390
123.834917
122.811230
121.883896
121.053702
120.319884
119.680347
119.131879
118.670344
118.290875
117.988037
117.755993
117.588639
117.479733
117.423006
117.412260
117.441448
117.504747
117.596612
117.711821
117.845510
117.993197
118.150796
118.314626
118.481409
118.648267
118.812707
118.972612
119.126213
119.272079
119.409084
119.536386
119.653402
119.759779
119.855372
119.940214
120.014494
120.078534
120.132763
120.177698
120.213927
120.242084
120.262840
120.276887
120.284920
120.287631
120.285699
120.279779
120.270497
120.258445
120.244176
120.228202
120.210989
120.192962
120.174499
120.155932
120.137552
120.119607
120.102305
120.085817
120.070278
120.055791
120.042429
120.030240
120.019246
120.009450
120.000835
119.993371
119.987012
119.981705
119.977387
119.973987
119.971433
119.969649
119.968557
119.968079
119.968141
119.968669
119.969591
119.970841
119.972356
119.974077
119.975952
119.977931
119.979972
119.982035
119.984086
119.986098
119.988044
119.989906
119.991667
119.993314
119.994838
119.996233
119.997496
119.998625
119.999623
120.000492
120.001236
120.001861
120.002374
120.002783
120.003095
120.003319
120.003463
120.003537
120.003548
120.003504
120.003415
120.003286
120.003126
120.002942
120.002738
120.002521
120.002296
120.002067
120.001839
120.001613
120.001395
120.001185
120.000985
120.000798
120.000625
120.000465
120.000320
120.000190
120.000075
119.999974
119.999887
119.999813
119.999753
119.999704
119.999666
119.999638
119.999619
119.999609
119.999606
119.999609
119.999617
119.999630
119.999647
119.999667
119.999689
119.999712
119.999737
119.999762
119.999788
119.999813
119.999838
119.999861
119.999884
119.999905
119.999925
119.999943
119.999960
119.999975
119.999988
120.000000
120.000010
120.000018
120.000026
120.000031
120.000036
120.000039
120.000042
120.000043
120.000044
120.000044
120.000043
120.000042
120.000040
120.000038
120.000035
120.000033
120.000030
120.000027
120.000024
120.000022
120.000019
120.000016
120.000014
120.000011
120.000009
120.000007
120.000005
120.000003
120.000002
120.000000
119.999999
119.999998
119.999997
119.999997
119.999996
119.999996
119.999995
119.999995
119.999995
119.999995
119.999995
119.999995
119.999996
119.999996
119.999996
119.999996
119.999997
119.999997
119.999997
119.999997
119.999998
119.999998
119.999998
119.999999
119.999999
119.999999
119.999999
120.000000
120.000000
120.000000
120.000000
120.000000
120.000000
120.000000
120.000000
120.000000
120.000000
120.000001
120.000001
120.000001
120.000001
120.000001
120.000001
120.000000
120.000000
120.000000
120.000000
120.000000
120.000000
120.000000
120.000000
120.000000
120.000000
120.000000
120.000000
120.000000
120.000000
120.000000
120.000000
120.000000
120.000000
120.000000
120.000000
120.000000
120.000000
120.000000
120.000000
120.000000
120.000000
120.000000
120.000000
120.000000
120.000000
120.000000
120.000000
120.000000
120.000000
120.000000
120.000000
120.000000
120.000000
120.000000
120.000000
120.000000
120.000000
120.000000
120.000000
120.000000
120.000000
120.000000
120.000000
120.000000
120.000000
120.000000
120.000000
120.000000
120.000000
120.000000
120.000000
120.000000
120.000000
120.000000
120.000000
120.000000
120.000000
120.000000
120.000000
120.000000
120.000000
120.000000
120.000000
120.000000
120.000000
120.000000
120.000000
120.000000
120.000000
120.000000
120.000000
120.000000
120.000000
120.000000
120.000000
120.000000
120.000000
120.000000
120.000000
120.000000
120.000000
120.000000
120.000000
120.000000
120.000000
120.000000
120.000000
120.000000
120.000000
120.000000
120.000000
120.000000
120.000000
120.000000
120.000000
120.000000
120.000000
120.000000
120.000000
120.000000
120.000000
120.000000
120.000000
120.000000
120.000000
120.000000
120.000000
120.000000
120.000000
120.000000
120.000000
120.000000
120.000000
120.000000
120.000000
120.000000
120.000000
120.000000
120.000000
120.000000
120.000000
120.000000
120.000000
120.000000
120.000000
120.000000
120.000000
120.000000
120.000000
120.000000
120.000000
120.000000
120.000000
120.000000
120.000000
120.000000
120.000000
120.000000
120.000000
120.000000
120.000000
120.000000
120.000000
120.000000
120.000000
120.000000
120.000000
120.000000
120.000000
120.000000
120.000000
120.000000
120.000000
120.000000
120.000000
120.000000
120.000000
120.000000
120.000000
120.000000
120.000000
120.000000
120.000000
120.000000
120.000000
120.000000
120.000000
120.000000
120.000000
120.000000
120.000000
120.000000
120.000000
120.000000
120.000000
120.000000
120.000000
120.000000
120.000000
120.000000
120.000000
120.000000
120.000000
120.000000
120.000000
120.000000
120.000000
120.000000
120.000000
120.000000
120.000000
120.000000
120.000000
120.000000
120.000000
120.000000
120.000000
120.000000
120.000000
120.000000
120.000000
120.000000
120.000000
120.000000
120.000000
120.000000
120.000000
120.000000
120.000000
120.000000
120.000000
120.000000
120.000000
120.000000
120.000000
120.000000
120.000000
120.000000
120.000000
120.000000
120.000000
120.000000
120.000000
120.000000
120.000000
120.000000
120.000000
120.000000
120.000000
120.000000
120.000000
120.000000
120.000000
120.000000
120.000000
120.000000
120.000000
120.000000
120.000000
120.000000
120.000000
120.000000
120.000000
120.000000
120.000000
120.000000
120.000000
120.000000
120.000000
120.000000
120.000000
120.000000
120.000000
120.000000
120.000000
120.000000
120.000000
120.000000
120.000000
120.000000
120.000000
120.000000
120.000000
120.000000
120.000000
120.000000
120.000000
120.000000
120.000000
120.000000
120.000000
120.000000
120.000000
120.000000
120.000000
120.000000
120.000000
120.000000
120.000000
120.000000
120.000000
120.000000
120.000000
120.000000
120.000000
120.000000
120.000000
120.000000
120.000000
120.000000
120.000000
120.000000
120.000000
120.000000
120.000000
120.000000
120.000000
120.000000
120.000000
120.000000
120.000000
120.000000
120.000000
120.000000
120.000000
120.000000
120.000000
120.000000
120.000000
120.000000
120.000000
120.000000
120.000000
120.000000
120.000000
120.000000
120.000000
120.000000
120.000000
120.000000
120.000000
120.000000
120.000000
120.000000
120.000000
120.000000
120.000000
120.000000
120.000000
120.000000
120.000000
120.000000
120.000000
120.000000
120.000000
120.000000
120.000000
120.000000
120.000000
120.000000
120.000000
120.000000
120.000000
120.000000
120.000000
120.000000
120.000000
120.000000
120.000000
120.000000
120.000000
120.000000
120.000000
120.000000
120.000000
120.000000
120.000000
120.000000
120.000000
120.000000
120.000000
120.000000
120.000000
120.000000
120.000000
120.000000
120.000000
120.000000
120.000000
120.000000
120.000000
120.000000
120.000000
120.000000
120.000000
120.000000
120.000000
120.000000
120.000000
120.000000
120.000000
120.000000
120.000000
120.000000
120.000000
120.000000
120.000000
120.000000
120.000000
120.000000
120.000000
120.000000
120.000000
120.000000
120.000000
120.000000
120.000000
120.000000
120.000000
120.000000
120.000000
120.000000
120.000000
120.000000
120.000000
120.000000
120.000000
120.000000
120.000000
120.000000
120.000000
120.000000
120.000000
120.000000
120.000000
120.000000
120.000000
120.000000
120.000000
120.000000
120.000000
120.000000
120.000000
120.000000
120.000000
120.000000
120.000000
120.000000
120.000000
120.000000
120.000000
120.000000
120.000000
120.000000
120.000000
120.000000
120.000000
120.000000
120.000000
120.000000
120.000000
120.000000
120.000000
120.000000
120.000000
120.000000
120.000000
120.000000
120.000000
120.000000
120.000000
120.000000
120.000000
120.000000
120.000000
120.000000
120.000000
120.000000
120.000000
120.000000
120.000000
120.000000
120.000000
120.000000
120.000000
120.000000
120.000000
120.000000
120.000000
120.000000
120.000000
120.000000
120.000000
120.000000
120.000000
120.000000
120.000000
120.000000
120.000000
120.000000
120.000000
120.000000
120.000000
120.000000
120.000000
120.000000
120.000000
120.000000
120.000000
120.000000
120.000000
120.000000
120.000000
120.000000
120.000000
120.000000
120.000000
120.000000
120.000000
120.000000
120.000000
120.000000
120.000000
120.000000
120.000000
120.000000
120.000000
120.000000
120.000000
120.000000
120.000000
120.000000
120.000000
120.000000
120.000000
120.000000
120.000000
120.000000
120.000000
120.000000
120.000000
120.000000
120.000000
120.000000
120.000000
120.000000
120.000000
120.000000
120.000000
120.000000
120.000000
120.000000
120.000000
120.000000
120.000000
120.000000
120.000000
120.000000
120.000000
120.000000
120.000000
120.000000
120.000000
120.000000
120.000000
120.000000
120.000000
120.000000
120.000000
120.000000
120.000000
120.000000
120.000000
120.000000
120.000000
120.000000
120.000000
120.000000
120.000000
120.000000
120.000000
120.000000
120.000000
120.000000
120.000000
120.000000
120.000000
120.000000
120.000000
120.000000
120.000000
120.000000
120.000000
120.000000
120.000000
120.000000
120.000000
120.000000
120.000000
120.000000
120.000000
120.000000
120.000000
120.000000
120.000000
120.000000
120.000000
120.000000
120.000000
120.000000
120.000000
120.000000
120.000000
120.000000
120.000000
120.000000
120.000000
120.000000
120.000000
120.000000
120.000000
120.000000
120.000000
120.000000
120.000000
120.000000
120.000000
120.000000
120.000000
120.000000
120.000000
120.000000
120.000000
120.000000
120.000000
120.000000
120.000000
120.000000
120.000000
120.000000
120.000000
120.000000
120.000000
120.000000
120.000000
120.000000
120.000000
120.000000
120.000000
120.000000
120.000000
120.000000
120.000000
120.000000
120.000000
120.000000
120.000000
120.000000
120.000000
120.000000
120.000000
120.000000
120.000000
120.000000
120.000000
120.000000
120.000000
120.000000
120.000000
120.000000
120.000000
120.000000
120.000000
120.000000
120.000000
120.000000
120.000000
120.000000
120.000000
120.000000
120.000000
120.000000
120.000000
120.000000
120.000000
120.000000
120.000000
120.000000
120.000000
120.000000
120.000000
120.000000
120.000000
120.000000
120.000000
120.000000
120.000000
120.000000
120.000000
120.000000
120.000000
120.000000
120.000000
120.000000
120.000000
120.000000
120.000000
120.000000
120.000000
120.000000
120.000000
120.000000
120.000000
120.000000
120.000000
