0.000000
9.294760
18.004570
26.166244
33.814277
40.980994
47.696686
53.989737
59.886746
65.412638
70.590766
75.443018
79.989903
84.250636
88.243228
91.984553
95.490424
98.775660
101.854144
104.738890
107.442089
109.975167
112.348830
114.573111
116.126686
116.416079
116.405958
116.410056
116.413475
116.416924
116.420367
116.423807
116.427244
116.430678
116.434108
116.437535
116.440959
116.444379
116.447797
116.451210
116.454621
116.458028
116.461432
116.464833
116.468231
116.471625
116.475016
116.478403
116.481788
116.485169
116.488547
116.491922
116.495293
116.498661
116.502026
116.505388
116.508747
116.512102
116.515454
116.518803
116.522148
116.525491
116.528830
116.532166
116.535499
116.538828
116.542155
116.545478
116.548798
116.552115
116.555428
116.558739
116.562046
116.565350
116.568651
116.571949
116.575243
116.578535
116.581823
116.585108
116.588390
116.591668
116.594944
116.598216
116.601486
116.604752
116.608015
116.611275
116.614532
116.617785
116.621036
116.624283
116.627527
116.630768
116.634006
116.637241
116.640473
116.643702
116.646927
116.650150
116.653369
116.656586
116.659799
116.663009
116.666216
116.669420
116.672621
116.675819
116.679013
116.682205
116.685393
116.688579
116.691761
116.694941
116.698117
116.701290
116.704461
116.707628
116.710792
116.713953
116.717111
116.720266
116.723418
116.726567
116.729713
116.732856
116.735996
116.739133
116.742267
116.745398
116.748525
116.751650
116.754772
116.757891
116.761007
116.764120
116.767230
116.770336
116.773440
116.776541
116.779639
116.782734
116.785826
116.788915
116.792001
116.795084
116.798164
116.801241
116.804315
116.807387
116.810455
116.813520
116.816583
116.819642
116.822699
116.825752
116.828803
116.831850
116.834895
116.837937
116.840976
116.844012
116.847045
116.850075
116.853102
116.856127
116.859148
116.862167
116.865182
116.868195
116.871205
116.874212
116.877216
116.880217
116.883215
116.886211
116.889203
116.892193
116.895180
116.898164
116.901145
116.904123
116.907098
116.910071
116.913040
116.916007
116.918971
116.921932
116.924890
116.927845
116.930798
116.933748
116.936694
116.939638
116.942580
116.945518
116.948453
116.951386
116.954316
116.957243
116.960167
116.963089
116.966007
116.968923
116.971836
116.974747
116.977654
116.980559
116.983460
116.986359
116.989256
116.992149
116.995040
116.997928
117.000813
117.003695
117.006575
117.009452
117.012326
117.015197
117.018066
117.020932
117.023795
117.026655
117.029513
117.032367
117.035219
117.038069
117.040915
117.043759
117.046600
117.049439
117.052274
117.055107
117.057937
117.060765
117.063590
117.066412
117.069231
117.072048
117.074862
117.077673
117.080481
117.083287
117.086090
117.088891
117.091688
117.094483
117.097276
117.100065
117.102852
117.105637
117.108418
117.111197
117.113974
117.116747
117.119518
117.122287
117.125052
117.127815
117.130575
117.133333
117.136088
117.138841
117.141590
117.144337
117.147082
117.149824
117.152563
117.155299
117.158033
117.160765
117.163493
117.166219
117.168943
117.171663
117.174382
117.177097
117.179810
117.182521
117.185228
117.187933
117.190636
117.193336
117.196033
117.198728
117.201420
117.204110
117.206797
117.209481
117.212163
117.214842
117.217519
117.220193
117.222865
117.225534
117.228200
117.230864
117.233525
117.236184
117.238840
117.241494
117.244145
117.246793
117.249439
117.252083
117.254724
117.257362
117.259998
117.262631
117.265262
117.267890
117.270516
117.273139
117.275760
117.278378
117.280993
117.283607
117.286217
117.288825
117.291431
117.294034
117.296634
117.299233
117.301828
117.304421
117.307012
117.309600
117.312186
117.314769
117.317349
117.319928
117.322503
117.325076
117.327647
117.330215
117.332781
117.335345
117.337905
117.340464
117.343020
117.345573
117.348124
117.350673
117.353219
117.355763
117.358304
117.360843
117.363379
117.365913
117.368445
117.370974
117.373500
117.376025
117.378546
117.381066
117.383583
117.386097
117.388609
117.391119
117.393626
117.396131
117.398634
117.401134
117.403631
117.406127
117.408619
117.411110
117.413598
117.416084
117.418567
117.421048
117.423526
117.426002
117.428476
117.430948
117.433417
117.435883
117.438347
117.440809
117.443269
117.445726
117.448181
117.450633
117.453083
117.455531
117.457976
117.460419
117.462860
117.465298
117.467734
117.470168
117.472599
117.475028
117.477455
117.479879
117.482301
117.484721
117.487138
117.489553
117.491966
117.494376
117.496784
117.499190
117.501593
117.503995
117.506393
117.508790
117.511184
117.513576
117.515965
117.518353
117.520738
117.523120
117.525501
117.527879
117.530255
117.532628
117.535000
117.537369
117.539735
117.542100
117.544462
117.546822
117.549180
117.551535
117.553888
117.556239
117.558587
117.560934
117.563278
117.565620
117.567959
117.570297
117.572632
117.574965
117.577295
117.579623
117.581950
117.584273
117.586595
117.588915
117.591232
117.593547
117.595859
117.598170
117.600478
117.602784
117.605088
117.607390
117.609689
117.611986
117.614281
117.616574
117.618865
117.621153
117.623439
117.625723
117.628005
117.630285
117.632562
117.634837
117.637111
117.639381
117.641650
117.643917
117.646181
117.648443
117.650703
117.652961
117.655216
117.657470
117.659721
117.661970
117.664217
117.666462
117.668705
117.670945
117.673184
117.675420
117.677654
117.679886
117.682116
117.684343
117.686569
117.688792
117.691013
117.693232
117.695449
117.697664
117.699877
117.702087
117.704296
117.706502
117.708706
117.710908
117.713108
117.715306
117.717502
117.719695
117.721887
117.724076
117.726263
117.728449
117.730632
117.732813
117.734992
117.737168
117.739343
117.741516
117.743686
117.745855
117.748021
117.750185
117.752347
117.754508
117.756666
117.758822
117.760975
117.763127
117.765277
117.767425
117.769570
117.771714
117.773855
117.775995
117.778132
117.780268
117.782401
117.784532
117.786661
117.788788
117.790914
117.793037
117.795158
117.797277
117.799393
117.801508
117.803621
117.805732
117.807841
117.809948
117.812052
117.814155
117.816256
117.818355
117.820451
117.822546
117.824639
117.826729
117.828818
117.830904
117.832989
117.835072
117.837152
117.839231
117.841308
117.843382
117.845455
117.847525
117.849594
117.851661
117.853725
117.855788
117.857849
117.859908
117.861964
117.864019
117.866072
117.868123
117.870171
117.872218
117.874263
117.876306
117.878347
117.880386
117.882423
117.884458
117.886492
117.888523
117.890552
117.892579
117.894605
117.896628
117.898649
117.900669
117.902687
117.904702
117.906716
117.908728
117.910737
117.912745
117.914751
117.916755
117.918757
117.920758
117.922756
117.924752
117.926747
117.928739
117.930730
117.932718
117.934705
117.936690
117.938673
117.940654
117.942633
117.944611
117.946586
117.948559
117.950531
117.952500
117.954468
117.956434
117.958398
117.960360
117.962320
117.964279
117.966235
117.968190
117.970142
117.972093
117.974042
117.975989
117.977934
117.979878
117.981819
117.983759
117.985696
117.987632
117.989566
117.991498
117.993429
117.995357
117.997284
117.999208
118.001131
118.003052
118.004971
118.006889
118.008804
118.010718
118.012630
118.014540
118.016448
118.018354
118.020259
118.022161
118.024062
118.025961
118.027858
118.029754
118.031647
118.033539
118.035429
118.037317
118.039203
118.041087
118.042970
118.044851
118.046730
118.048607
118.050482
118.052356
118.054228
118.056098
118.057966
118.059832
118.061697
118.063560
118.065421
118.067280
118.069137
118.070993
118.072847
118.074699
118.076549
118.078398
118.080245
118.082090
118.083933
118.085774
118.087614
118.089452
118.091288
118.093122
118.094955
118.096786
118.098615
118.100442
118.102268
118.104092
118.105914
118.107734
118.109553
118.111370
118.113185
118.114998
118.116810
118.118619
118.120428
118.122234
118.124039
118.125841
118.127643
118.129442
118.131240
118.133036
118.134830
118.136622
118.138413
118.140202
118.141990
118.143775
118.145559
118.147342
118.149122
118.150901
118.152678
118.154453
118.156227
118.157999
118.159769
118.161538
118.163305
118.165070
118.166833
118.168595
118.170355
118.172113
118.173870
118.175625
118.177379
118.179130
118.180880
118.182628
118.184375
118.186120
118.187863
118.189605
118.191345
118.193083
118.194819
118.196554
118.198287
118.200019
118.201749
118.203477
118.205204
118.206929
118.208652
118.210373
118.212093
118.213812
118.215528
118.217243
118.218956
118.220668
118.222378
118.224087
118.225793
118.227498
118.229202
118.230904
118.232604
118.234302
118.235999
118.237695
118.239388
118.241080
118.242771
118.244460
118.246147
118.247832
118.249516
118.251199
118.252879
118.254558
118.256236
118.257912
118.259586
118.261259
118.262930
118.264599
118.266267
118.267933
118.269598
118.271261
118.272922
118.274582
118.276240
118.277897
118.279552
118.281205
118.282857
118.284507
118.286156
118.287803
118.289449
118.291093
118.292735
118.294376
118.296015
118.297652
118.299289
118.300923
118.302556
118.304187
118.305817
118.307445
118.309072
118.310697
118.312320
118.313942
118.315563
118.317182
118.318799
118.320415
118.322029
118.323641
118.325253
118.326862
118.328470
118.330076
118.331681
118.333285
118.334886
118.336487
118.338085
118.339683
118.341278
118.342872
118.344465
118.346056
118.347646
118.349234
118.350820
118.352405
118.353988
118.355570
118.357151
118.358730
118.360307
118.361883
118.363457
118.365030
118.366601
118.368171
118.369739
118.371306
118.372871
118.374435
118.375997
118.377558
118.379117
118.380675
118.382231
118.383786
118.385339
118.386891
118.388441
118.389990
118.391538
118.393083
118.394628
118.396171
118.397712
118.399252
118.400790
118.402327
118.403863
118.405397
118.406929
118.408460
118.409990
118.411518
118.413044
118.414569
118.416093
118.417615
118.419136
118.420655
118.422173
118.423690
118.425205
118.426718
118.428230
118.429741
118.431250
118.432757
118.434264
118.435768
118.437272
118.438774
118.440274
118.441773
118.443270
118.444767
118.446261
118.447754
118.449246
118.450737
118.452226
118.453713
118.455199
118.456684
118.458167
118.459649
118.461129
118.462608
118.464086
118.465562
118.467036
118.468510
118.469981
118.471452
118.472921
118.474388
118.475855
118.477319
118.478783
118.480245
118.481705
118.483165
118.484622
118.486079
118.487534
118.488987
118.490439
118.491890
118.493339
118.494787
118.496234
118.497679
118.499123
118.500565
118.502007
118.503446
118.504884
118.506321
118.507757
118.509191
118.510624
118.512055
118.513485
118.514914
118.516341
118.517767
118.519191
118.520614
118.522036
118.523457
118.524876
118.526293
118.527710
118.529125
118.530538
118.531950
118.533361
118.534771
118.536179
118.537586
118.538991
118.540395
118.541798
118.543200
118.544600
118.545998
118.547396
118.548792
118.550186
118.551580
118.552972
118.554362
118.555752
118.557140
118.558526
118.559912
118.561296
118.562678
118.564060
118.565440
118.566819
118.568196
118.569572
118.570947
118.572320
118.573692
118.575063
118.576432
118.577800
118.579167
118.580533
118.581897
118.583260
118.584621
118.585982
118.587341
118.588698
118.590055
118.591410
