0.000000
7.000000
20.000000
31.000000
43.000000
50.000000
61.000000
69.000000
75.000000
82.000000
90.000000
93.000000
99.000000
105.000000
108.000000
114.000000
116.000000
120.000000
121.000000
120.000000
118.000000
120.000000
121.000000
120.000000
120.000000
118.000000
120.000000
120.000000
120.000000
121.000000
118.000000
120.000000
120.000000
121.000000
118.000000
120.000000
120.000000
120.000000
121.000000
120.000000
118.000000
120.000000
120.000000
121.000000
120.000000
118.000000
120.000000
121.000000
120.000000
120.000000
120.000000
120.000000
120.000000
120.000000
120.000000
120.000000
121.000000
120.000000
118.000000
120.000000
121.000000
120.000000
120.000000
120.000000
120.000000
120.000000
120.000000
120.000000
120.000000
121.000000
120.000000
118.000000
121.000000
120.000000
120.000000
120.000000
120.000000
120.000000
120.000000
121.000000
118.000000
120.000000
121.000000
120.000000
120.000000
120.000000
120.000000
120.000000
120.000000
120.000000
120.000000
121.000000
120.000000
118.000000
120.000000
120.000000
121.000000
121.000000
120.000000
118.000000
120.000000
120.000000
121.000000
120.000000
120.000000
120.000000
120.000000
120.000000
121.000000
120.000000
120.000000
118.000000
121.000000
120.000000
120.000000
120.000000
121.000000
120.000000
120.000000
120.000000
120.000000
120.000000
121.000000
120.000000
118.000000
121.000000
120.000000
120.000000
121.000000
120.000000
120.000000
120.000000
120.000000
120.000000
120.000000
120.000000
121.000000
120.000000
120.000000
120.000000
120.000000
121.000000
120.000000
118.000000
120.000000
121.000000
120.000000
121.000000
118.000000
120.000000
121.000000
120.000000
120.000000
120.000000
120.000000
121.000000
120.000000
118.000000
121.000000
120.000000
120.000000
120.000000
120.000000
121.000000
120.000000
120.000000
120.000000
120.000000
120.000000
120.000000
121.000000
120.000000
118.000000
121.000000
120.000000
120.000000
121.000000
118.000000
120.000000
121.000000
120.000000
120.000000
120.000000
120.000000
120.000000
120.000000
120.000000
120.000000
121.000000
120.000000
120.000000
120.000000
120.000000
121.000000
120.000000
118.000000
120.000000
121.000000
121.000000
120.000000
118.000000
120.000000
120.000000
121.000000
120.000000
120.000000
118.000000
121.000000
121.000000
120.000000
118.000000
121.000000
120.000000
120.000000
120.000000
120.000000
120.000000
121.000000
120.000000
120.000000
120.000000
120.000000
120.000000
120.000000
121.000000
120.000000
120.000000
120.000000
120.000000
120.000000
121.000000
120.000000
120.000000
120.000000
120.000000
120.000000
120.000000
121.000000
120.000000
118.000000
121.000000
120.000000
120.000000
120.000000
120.000000
121.000000
120.000000
120.000000
120.000000
118.000000
121.000000
121.000000
120.000000
120.000000
118.000000
121.000000
120.000000
121.000000
120.000000
118.000000
120.000000
121.000000
120.000000
120.000000
121.000000
118.000000
120.000000
121.000000
120.000000
120.000000
120.000000
120.000000
121.000000
120.000000
120.000000
120.000000
120.000000
120.000000
120.000000
120.000000
121.000000
120.000000
120.000000
118.000000
121.000000
120.000000
121.000000
120.000000
118.000000
120.000000
121.000000
120.000000
120.000000
121.000000
118.000000
120.000000
121.000000
120.000000
120.000000
120.000000
120.000000
120.000000
120.000000
121.000000
120.000000
120.000000
120.000000
120.000000
120.000000
120.000000
120.000000
121.000000
120.000000
118.000000
120.000000
121.000000
120.000000
120.000000
120.000000
120.000000
121.000000
120.000000
120.000000
118.000000
120.000000
121.000000
120.000000
120.000000
120.000000
121.000000
118.000000
120.000000
121.000000
120.000000
120.000000
120.000000
120.000000
120.000000
121.000000
120.000000
118.000000
120.000000
121.000000
120.000000
120.000000
120.000000
120.000000
121.000000
120.000000
118.000000
120.000000
120.000000
121.000000
121.000000
118.000000
118.000000
121.000000
121.000000
118.000000
120.000000
121.000000
120.000000
120.000000
120.000000
120.000000
120.000000
120.000000
120.000000
121.000000
120.000000
118.000000
120.000000
121.000000
121.000000
118.000000
120.000000
120.000000
121.000000
120.000000
118.000000
120.000000
121.000000
120.000000
120.000000
120.000000
120.000000
120.000000
121.000000
120.000000
118.000000
120.000000
121.000000
120.000000
120.000000
120.000000
120.000000
120.000000
121.000000
120.000000
118.000000
120.000000
121.000000
120.000000
120.000000
120.000000
120.000000
121.000000
118.000000
120.000000
121.000000
120.000000
120.000000
120.000000
120.000000
120.000000
120.000000
120.000000
120.000000
120.000000
121.000000
120.000000
120.000000
118.000000
121.000000
120.000000
120.000000
121.000000
118.000000
120.000000
121.000000
120.000000
120.000000
120.000000
120.000000
120.000000
120.000000
120.000000
120.000000
120.000000
121.000000
120.000000
118.000000
120.000000
121.000000
120.000000
120.000000
120.000000
120.000000
120.000000
120.000000
120.000000
121.000000
120.000000
118.000000
120.000000
121.000000
120.000000
120.000000
120.000000
120.000000
120.000000
120.000000
121.000000
120.000000
118.000000
120.000000
121.000000
120.000000
120.000000
120.000000
121.000000
120.000000
118.000000
120.000000
121.000000
120.000000
120.000000
120.000000
120.000000
120.000000
120.000000
120.000000
120.000000
120.000000
121.000000
120.000000
118.000000
120.000000
121.000000
120.000000
120.000000
120.000000
120.000000
120.000000
120.000000
120.000000
120.000000
120.000000
120.000000
121.000000
120.000000
118.000000
120.000000
121.000000
120.000000
120.000000
120.000000
120.000000
120.000000
120.000000
120.000000
120.000000
120.000000
121.000000
120.000000
118.000000
120.000000
121.000000
120.000000
120.000000
120.000000
120.000000
120.000000
121.000000
120.000000
118.000000
120.000000
121.000000
120.000000
120.000000
120.000000
120.000000
120.000000
121.000000
120.000000
118.000000
120.000000
120.000000
121.000000
120.000000
120.000000
120.000000
120.000000
120.000000
120.000000
120.000000
121.000000
120.000000
118.000000
120.000000
120.000000
120.000000
121.000000
120.000000
118.000000
120.000000
121.000000
120.000000
120.000000
118.000000
121.000000
120.000000
120.000000
120.000000
120.000000
120.000000
121.000000
120.000000
118.000000
120.000000
120.000000
121.000000
120.000000
118.000000
120.000000
121.000000
120.000000
120.000000
120.000000
120.000000
120.000000
120.000000
120.000000
120.000000
121.000000
120.000000
118.000000
120.000000
120.000000
121.000000
120.000000
120.000000
120.000000
120.000000
120.000000
120.000000
120.000000
120.000000
121.000000
120.000000
118.000000
120.000000
120.000000
121.000000
120.000000
120.000000
118.000000
120.000000
121.000000
121.000000
118.000000
120.000000
120.000000
121.000000
120.000000
118.000000
120.000000
121.000000
120.000000
120.000000
120.000000
120.000000
120.000000
120.000000
120.000000
120.000000
120.000000
121.000000
120.000000
118.000000
120.000000
120.000000
121.000000
120.000000
118.000000
120.000000
121.000000
120.000000
120.000000
118.000000
120.000000
120.000000
121.000000
120.000000
120.000000
120.000000
120.000000
120.000000
120.000000
120.000000
120.000000
120.000000
120.000000
120.000000
120.000000
120.000000
121.000000
118.000000
120.000000
120.000000
121.000000
120.000000
118.000000
120.000000
121.000000
120.000000
120.000000
120.000000
120.000000
120.000000
120.000000
120.000000
120.000000
121.000000
118.000000
120.000000
121.000000
120.000000
118.000000
120.000000
120.000000
121.000000
120.000000
120.000000
120.000000
120.000000
120.000000
120.000000
120.000000
120.000000
120.000000
120.000000
120.000000
120.000000
121.000000
118.000000
120.000000
120.000000
121.000000
120.000000
118.000000
120.000000
121.000000
120.000000
118.000000
120.000000
121.000000
120.000000
120.000000
120.000000
120.000000
120.000000
120.000000
120.000000
120.000000
120.000000
120.000000
120.000000
120.000000
120.000000
121.000000
120.000000
118.000000
120.000000
120.000000
121.000000
120.000000
120.000000
118.000000
120.000000
121.000000
120.000000
120.000000
120.000000
120.000000
120.000000
120.000000
120.000000
120.000000
120.000000
120.000000
120.000000
120.000000
120.000000
120.000000
120.000000
121.000000
118.000000
120.000000
120.000000
121.000000
120.000000
120.000000
118.000000
120.000000
121.000000
120.000000
120.000000
120.000000
120.000000
120.000000
120.000000
120.000000
120.000000
120.000000
120.000000
120.000000
120.000000
121.000000
120.000000
118.000000
120.000000
120.000000
120.000000
121.000000
120.000000
118.000000
121.000000
120.000000
120.000000
120.000000
120.000000
120.000000
120.000000
120.000000
120.000000
120.000000
120.000000
120.000000
120.000000
121.000000
118.000000
120.000000
120.000000
121.000000
120.000000
118.000000
120.000000
120.000000
121.000000
120.000000
120.000000
118.000000
121.000000
120.000000
120.000000
120.000000
120.000000
120.000000
120.000000
120.000000
120.000000
121.000000
118.000000
120.000000
120.000000
121.000000
120.000000
118.000000
120.000000
121.000000
120.000000
120.000000
120.000000
120.000000
120.000000
120.000000
120.000000
120.000000
120.000000
120.000000
120.000000
120.000000
120.000000
120.000000
120.000000
120.000000
121.000000
118.000000
120.000000
120.000000
121.000000
120.000000
118.000000
120.000000
121.000000
120.000000
120.000000
120.000000
118.000000
120.000000
121.000000
121.000000
118.000000
120.000000
120.000000
120.000000
120.000000
120.000000
120.000000
120.000000
121.000000
120.000000
118.000000
120.000000
120.000000
121.000000
120.000000
120.000000
118.000000
120.000000
121.000000
121.000000
118.000000
120.000000
120.000000
120.000000
120.000000
120.000000
120.000000
121.000000
120.000000
118.000000
120.000000
120.000000
121.000000
120.000000
118.000000
120.000000
121.000000
120.000000
120.000000
120.000000
120.000000
118.000000
120.000000
121.000000
121.000000
118.000000
120.000000
120.000000
120.000000
121.000000
120.000000
118.000000
120.000000
120.000000
121.000000
118.000000
120.000000
121.000000
120.000000
120.000000
118.000000
120.000000
121.000000
120.000000
120.000000
120.000000
120.000000
120.000000
120.000000
120.000000
120.000000
120.000000
120.000000
120.000000
120.000000
120.000000
120.000000
121.000000
118.000000
120.000000
120.000000
120.000000
121.000000
120.000000
118.000000
120.000000
120.000000
120.000000
121.000000
120.000000
118.000000
120.000000
120.000000
121.000000
120.000000
120.000000
118.000000
120.000000
121.000000
120.000000
120.000000
120.000000
120.000000
120.000000
120.000000
120.000000
120.000000
120.000000
120.000000
120.000000
120.000000
120.000000
120.000000
120.000000
121.000000
118.000000
120.000000
121.000000
120.000000
120.000000
118.000000
121.000000
120.000000
120.000000
120.000000
120.000000
120.000000
120.000000
120.000000
120.000000
120.000000
120.000000
120.000000
120.000000
120.000000
120.000000
120.000000
120.000000
120.000000
120.000000
121.000000
118.000000
120.000000
120.000000
120.000000
121.000000
120.000000
118.000000
