0.000000
7.000000
20.000000
33.000000
43.000000
56.000000
63.000000
75.000000
80.000000
88.000000
95.000000
101.000000
106.000000
112.000000
116.000000
120.000000
123.000000
127.000000
131.000000
133.000000
136.000000
138.000000
140.000000
144.000000
144.000000
146.000000
148.000000
150.000000
151.000000
150.000000
153.000000
155.000000
153.000000
155.000000
157.000000
157.000000
157.000000
159.000000
161.000000
159.000000
161.000000
163.000000
161.000000
163.000000
163.000000
163.000000
165.000000
163.000000
165.000000
165.000000
165.000000
165.000000
166.000000
165.000000
166.000000
166.000000
165.000000
168.000000
165.000000
168.000000
166.000000
166.000000
168.000000
166.000000
168.000000
168.000000
166.000000
168.000000
168.000000
168.000000
168.000000
168.000000
170.000000
168.000000
168.000000
168.000000
170.000000
168.000000
168.000000
170.000000
168.000000
170.000000
170.000000
168.000000
170.000000
168.000000
170.000000
170.000000
170.000000
168.000000
170.000000
170.000000
170.000000
170.000000
168.000000
170.000000
170.000000
170.000000
170.000000
170.000000
170.000000
170.000000
170.000000
170.000000
170.000000
170.000000
170.000000
170.000000
172.000000
168.000000
172.000000
170.000000
172.000000
170.000000
170.000000
170.000000
172.000000
170.000000
172.000000
170.000000
172.000000
170.000000
172.000000
170.000000
172.000000
170.000000
172.000000
170.000000
172.000000
170.000000
172.000000
172.000000
170.000000
172.000000
170.000000
172.000000
172.000000
170.000000
172.000000
172.000000
172.000000
170.000000
172.000000
172.000000
170.000000
172.000000
172.000000
172.000000
170.000000
172.000000
172.000000
172.000000
172.000000
172.000000
172.000000
172.000000
172.000000
172.000000
172.000000
172.000000
172.000000
172.000000
172.000000
172.000000
172.000000
172.000000
172.000000
172.000000
172.000000
172.000000
172.000000
172.000000
172.000000
172.000000
172.000000
174.000000
172.000000
172.000000
172.000000
172.000000
172.000000
172.000000
172.000000
172.000000
174.000000
172.000000
172.000000
172.000000
172.000000
172.000000
174.000000
172.000000
172.000000
172.000000
172.000000
174.000000
172.000000
172.000000
172.000000
172.000000
172.000000
172.000000
174.000000
172.000000
172.000000
172.000000
172.000000
172.000000
172.000000
174.000000
170.000000
174.000000
172.000000
172.000000
172.000000
174.000000
172.000000
172.000000
174.000000
172.000000
172.000000
172.000000
174.000000
172.000000
172.000000
174.000000
172.000000
174.000000
172.000000
172.000000
172.000000
174.000000
172.000000
174.000000
172.000000
174.000000
172.000000
172.000000
174.000000
172.000000
174.000000
172.000000
172.000000
174.000000
172.000000
174.000000
172.000000
174.000000
172.000000
174.000000
172.000000
174.000000
172.000000
174.000000
174.000000
172.000000
174.000000
172.000000
174.000000
174.000000
174.000000
172.000000
174.000000
172.000000
174.000000
174.000000
172.000000
174.000000
172.000000
174.000000
174.000000
172.000000
174.000000
174.000000
174.000000
172.000000
174.000000
172.000000
174.000000
172.000000
174.000000
174.000000
174.000000
174.000000
172.000000
174.000000
174.000000
174.000000
172.000000
174.000000
174.000000
174.000000
174.000000
172.000000
174.000000
174.000000
174.000000
172.000000
174.000000
174.000000
172.000000
174.000000
172.000000
174.000000
174.000000
174.000000
172.000000
174.000000
172.000000
174.000000
174.000000
174.000000
174.000000
172.000000
174.000000
174.000000
174.000000
174.000000
174.000000
172.000000
174.000000
174.000000
174.000000
174.000000
174.000000
174.000000
174.000000
174.000000
172.000000
174.000000
172.000000
174.000000
174.000000
174.000000
174.000000
174.000000
174.000000
174.000000
174.000000
174.000000
174.000000
174.000000
174.000000
174.000000
172.000000
174.000000
174.000000
174.000000
174.000000
174.000000
174.000000
174.000000
174.000000
174.000000
174.000000
174.000000
174.000000
174.000000
174.000000
174.000000
174.000000
174.000000
174.000000
174.000000
174.000000
174.000000
174.000000
174.000000
174.000000
174.000000
174.000000
174.000000
174.000000
174.000000
174.000000
174.000000
176.000000
172.000000
176.000000
172.000000
176.000000
174.000000
174.000000
174.000000
174.000000
174.000000
174.000000
174.000000
174.000000
176.000000
174.000000
174.000000
174.000000
174.000000
174.000000
174.000000
176.000000
174.000000
174.000000
174.000000
174.000000
174.000000
176.000000
174.000000
174.000000
174.000000
174.000000
174.000000
174.000000
174.000000
174.000000
176.000000
172.000000
176.000000
174.000000
174.000000
174.000000
174.000000
174.000000
174.000000
176.000000
174.000000
174.000000
174.000000
174.000000
174.000000
176.000000
174.000000
174.000000
174.000000
176.000000
174.000000
174.000000
174.000000
174.000000
176.000000
174.000000
174.000000
174.000000
174.000000
176.000000
174.000000
174.000000
174.000000
174.000000
174.000000
174.000000
174.000000
176.000000
172.000000
176.000000
174.000000
174.000000
174.000000
174.000000
176.000000
174.000000
174.000000
174.000000
176.000000
172.000000
176.000000
174.000000
174.000000
176.000000
174.000000
174.000000
174.000000
176.000000
174.000000
174.000000
174.000000
176.000000
174.000000
174.000000
176.000000
174.000000
174.000000
174.000000
176.000000
174.000000
176.000000
174.000000
174.000000
174.000000
176.000000
174.000000
174.000000
176.000000
172.000000
176.000000
174.000000
176.000000
174.000000
174.000000
174.000000
176.000000
174.000000
174.000000
176.000000
174.000000
174.000000
174.000000
176.000000
174.000000
174.000000
174.000000
176.000000
174.000000
174.000000
174.000000
176.000000
174.000000
174.000000
174.000000
174.000000
176.000000
174.000000
174.000000
174.000000
176.000000
174.000000
174.000000
174.000000
172.000000
176.000000
174.000000
176.000000
174.000000
174.000000
174.000000
176.000000
174.000000
174.000000
176.000000
174.000000
174.000000
176.000000
174.000000
174.000000
176.000000
174.000000
176.000000
174.000000
174.000000
176.000000
174.000000
176.000000
174.000000
174.000000
174.000000
176.000000
174.000000
176.000000
174.000000
174.000000
176.000000
174.000000
176.000000
174.000000
174.000000
176.000000
176.000000
174.000000
176.000000
174.000000
176.000000
174.000000
174.000000
176.000000
174.000000
176.000000
174.000000
176.000000
174.000000
176.000000
174.000000
176.000000
174.000000
176.000000
174.000000
176.000000
174.000000
176.000000
174.000000
174.000000
176.000000
174.000000
176.000000
174.000000
176.000000
174.000000
176.000000
174.000000
176.000000
176.000000
174.000000
176.000000
174.000000
176.000000
174.000000
176.000000
174.000000
176.000000
174.000000
174.000000
176.000000
174.000000
176.000000
176.000000
174.000000
176.000000
174.000000
176.000000
176.000000
174.000000
176.000000
174.000000
176.000000
174.000000
176.000000
176.000000
174.000000
176.000000
176.000000
176.000000
174.000000
176.000000
176.000000
176.000000
174.000000
176.000000
176.000000
176.000000
174.000000
176.000000
176.000000
174.000000
176.000000
176.000000
176.000000
174.000000
176.000000
174.000000
176.000000
174.000000
176.000000
174.000000
176.000000
174.000000
176.000000
176.000000
174.000000
176.000000
174.000000
176.000000
174.000000
176.000000
174.000000
176.000000
176.000000
174.000000
176.000000
176.000000
176.000000
174.000000
176.000000
174.000000
176.000000
176.000000
176.000000
174.000000
176.000000
174.000000
176.000000
176.000000
174.000000
176.000000
176.000000
174.000000
176.000000
176.000000
174.000000
176.000000
174.000000
176.000000
176.000000
176.000000
174.000000
176.000000
174.000000
176.000000
176.000000
174.000000
176.000000
176.000000
176.000000
174.000000
176.000000
176.000000
176.000000
174.000000
176.000000
176.000000
176.000000
176.000000
174.000000
176.000000
176.000000
176.000000
174.000000
176.000000
176.000000
176.000000
174.000000
176.000000
176.000000
174.000000
176.000000
176.000000
176.000000
174.000000
176.000000
174.000000
176.000000
176.000000
176.000000
174.000000
176.000000
176.000000
176.000000
174.000000
176.000000
176.000000
176.000000
176.000000
174.000000
176.000000
176.000000
176.000000
174.000000
176.000000
176.000000
176.000000
176.000000
176.000000
174.000000
176.000000
176.000000
176.000000
176.000000
174.000000
176.000000
176.000000
176.000000
174.000000
176.000000
176.000000
176.000000
174.000000
176.000000
176.000000
176.000000
176.000000
174.000000
176.000000
176.000000
176.000000
174.000000
176.000000
176.000000
176.000000
174.000000
178.000000
174.000000
176.000000
176.000000
176.000000
176.000000
174.000000
176.000000
176.000000
176.000000
174.000000
176.000000
174.000000
176.000000
176.000000
176.000000
174.000000
176.000000
176.000000
174.000000
176.000000
176.000000
176.000000
174.000000
176.000000
176.000000
176.000000
174.000000
176.000000
176.000000
176.000000
176.000000
174.000000
176.000000
176.000000
176.000000
174.000000
176.000000
176.000000
176.000000
174.000000
176.000000
176.000000
176.000000
174.000000
176.000000
176.000000
174.000000
176.000000
176.000000
176.000000
174.000000
176.000000
176.000000
174.000000
176.000000
176.000000
176.000000
174.000000
176.000000
176.000000
176.000000
174.000000
176.000000
176.000000
176.000000
176.000000
176.000000
174.000000
176.000000
176.000000
176.000000
176.000000
176.000000
174.000000
176.000000
176.000000
176.000000
176.000000
174.000000
176.000000
176.000000
176.000000
176.000000
176.000000
174.000000
176.000000
176.000000
176.000000
176.000000
176.000000
174.000000
174.000000
176.000000
176.000000
176.000000
176.000000
176.000000
176.000000
176.000000
176.000000
176.000000
176.000000
176.000000
176.000000
176.000000
176.000000
176.000000
176.000000
176.000000
176.000000
176.000000
176.000000
176.000000
176.000000
176.000000
176.000000
176.000000
176.000000
176.000000
176.000000
176.000000
176.000000
176.000000
174.000000
178.000000
174.000000
178.000000
174.000000
178.000000
176.000000
176.000000
176.000000
176.000000
176.000000
176.000000
176.000000
176.000000
176.000000
176.000000
176.000000
176.000000
176.000000
176.000000
176.000000
176.000000
176.000000
176.000000
176.000000
176.000000
176.000000
176.000000
176.000000
176.000000
176.000000
176.000000
174.000000
178.000000
176.000000
176.000000
176.000000
176.000000
176.000000
176.000000
176.000000
178.000000
174.000000
178.000000
176.000000
176.000000
176.000000
176.000000
176.000000
176.000000
178.000000
174.000000
178.000000
174.000000
178.000000
174.000000
178.000000
176.000000
176.000000
176.000000
174.000000
176.000000
176.000000
176.000000
176.000000
176.000000
176.000000
176.000000
176.000000
176.000000
176.000000
176.000000
176.000000
176.000000
176.000000
176.000000
176.000000
176.000000
176.000000
176.000000
176.000000
176.000000
176.000000
176.000000
176.000000
176.000000
176.000000
176.000000
176.000000
176.000000
176.000000
176.000000
174.000000
176.000000
176.000000
176.000000
176.000000
176.000000
176.000000
176.000000
176.000000
176.000000
176.000000
176.000000
