0.000000
9.294760
18.004570
26.166244
33.814277
40.980994
47.696686
53.989737
59.886746
65.412638
70.590766
75.443018
79.989903
84.250636
88.243228
91.984553
95.490424
98.775660
101.854144
104.738890
107.442089
109.975167
112.348830
114.573111
116.657410
118.610538
119.781696
119.965404
119.994221
119.998744
119.999455
119.999568
119.999588
119.999592
119.999595
119.999597
119.999599
119.999601
119.999603
119.999605
119.999607
119.999609
119.999611
119.999613
119.999615
119.999617
119.999619
119.999621
119.999623
119.999625
119.999627
119.999629
119.999631
119.999633
119.999634
119.999636
119.999638
119.999640
119.999642
119.999644
119.999646
119.999647
119.999649
119.999651
119.999653
119.999655
119.999656
119.999658
119.999660
119.999662
119.999663
119.999665
119.999667
119.999668
119.999670
119.999672
119.999674
119.999675
119.999677
119.999679
119.999680
119.999682
119.999683
119.999685
119.999687
119.999688
119.999690
119.999691
119.999693
119.999695
119.999696
119.999698
119.999699
119.999701
119.999702
119.999704
119.999705
119.999707
119.999708
119.999710
119.999711
119.999713
119.999714
119.999716
119.999717
119.999719
119.999720
119.999722
119.999723
119.999724
119.999726
119.999727
119.999729
119.999730
119.999731
119.999733
119.999734
119.999736
119.999737
119.999738
119.999740
119.999741
119.999742
119.999744
119.999745
119.999746
119.999747
119.999749
119.999750
119.999751
119.999753
119.999754
119.999755
119.999756
119.999758
119.999759
119.999760
119.999761
119.999763
119.999764
119.999765
119.999766
119.999767
119.999769
119.999770
119.999771
119.999772
119.999773
119.999774
119.999776
119.999777
119.999778
119.999779
119.999780
119.999781
119.999782
119.999784
119.999785
119.999786
119.999787
119.999788
119.999789
119.999790
119.999791
119.999792
119.999793
119.999794
119.999795
119.999796
119.999797
119.999799
119.999800
119.999801
119.999802
119.999803
119.999804
119.999805
119.999806
119.999807
119.999808
119.999809
119.999810
119.999811
119.999812
119.999813
119.999813
119.999814
119.999815
119.999816
119.999817
119.999818
119.999819
119.999820
119.999821
119.999822
119.999823
119.999824
119.999825
119.999826
119.999826
119.999827
119.999828
119.999829
119.999830
119.999831
119.999832
119.999833
119.999833
119.999834
119.999835
119.999836
119.999837
119.999838
119.999838
119.999839
119.999840
119.999841
119.999842
119.999843
119.999843
119.999844
119.999845
119.999846
119.999847
119.999847
119.999848
119.999849
119.999850
119.999850
119.999851
119.999852
119.999853
119.999853
119.999854
119.999855
119.999856
119.999856
119.999857
119.999858
119.999859
119.999859
119.999860
119.999861
119.999862
119.999862
119.999863
119.999864
119.999864
119.999865
119.999866
119.999866
119.999867
119.999868
119.999868
119.999869
119.999870
119.999870
119.999871
119.999872
119.999872
119.999873
119.999874
119.999874
119.999875
119.999876
119.999876
119.999877
119.999878
119.999878
119.999879
119.999879
119.999880
119.999881
119.999881
119.999882
119.999883
119.999883
119.999884
119.999884
119.999885
119.999885
119.999886
119.999887
119.999887
119.999888
119.999888
119.999889
119.999890
119.999890
119.999891
119.999891
119.999892
119.999892
119.999893
119.999893
119.999894
119.999895
119.999895
119.999896
119.999896
119.999897
119.999897
119.999898
119.999898
119.999899
119.999899
119.999900
119.999900
119.999901
119.999901
119.999902
119.999902
119.999903
119.999903
119.999904
119.999904
119.999905
119.999905
119.999906
119.999906
119.999907
119.999907
119.999908
119.999908
119.999909
119.999909
119.999910
119.999910
119.999911
119.999911
119.999911
119.999912
119.999912
119.999913
119.999913
119.999914
119.999914
119.999915
119.999915
119.999915
119.999916
119.999916
119.999917
119.999917
119.999918
119.999918
119.999918
119.999919
119.999919
119.999920
119.999920
119.999920
119.999921
119.999921
119.999922
119.999922
119.999922
119.999923
119.999923
119.999924
119.999924
119.999924
119.999925
119.999925
119.999926
119.999926
119.999926
119.999927
119.999927
119.999927
119.999928
119.999928
119.999929
119.999929
119.999929
119.999930
119.999930
119.999930
119.999931
119.999931
119.999931
119.999932
119.999932
119.999933
119.999933
119.999933
119.999934
119.999934
119.999934
119.999935
119.999935
119.999935
119.999936
119.999936
119.999936
119.999937
119.999937
119.999937
119.999938
119.999938
119.999938
119.999938
119.999939
119.999939
119.999939
119.999940
119.999940
119.999940
119.999941
119.999941
119.999941
119.999942
119.999942
119.999942
119.999942
119.999943
119.999943
119.999943
119.999944
119.999944
119.999944
119.999944
119.999945
119.999945
119.999945
119.999946
119.999946
119.999946
119.999946
119.999947
119.999947
119.999947
119.999948
119.999948
119.999948
119.999948
119.999949
119.999949
119.999949
119.999949
119.999950
119.999950
119.999950
119.999950
119.999951
119.999951
119.999951
119.999951
119.999952
119.999952
119.999952
119.999952
119.999953
119.999953
119.999953
119.999953
119.999954
119.999954
119.999954
119.999954
119.999955
119.999955
119.999955
119.999955
119.999955
119.999956
119.999956
119.999956
119.999956
119.999957
119.999957
119.999957
119.999957
119.999957
119.999958
119.999958
119.999958
119.999958
119.999959
119.999959
119.999959
119.999959
119.999959
119.999960
119.999960
119.999960
119.999960
119.999960
119.999961
119.999961
119.999961
119.999961
119.999961
119.999962
119.999962
119.999962
119.999962
119.999962
119.999963
119.999963
119.999963
119.999963
119.999963
119.999964
119.999964
119.999964
119.999964
119.999964
119.999964
119.999965
119.999965
119.999965
119.999965
119.999965
119.999966
119.999966
119.999966
119.999966
119.999966
119.999966
119.999967
119.999967
119.999967
119.999967
119.999967
119.999967
119.999968
119.999968
119.999968
119.999968
119.999968
119.999968
119.999969
119.999969
119.999969
119.999969
119.999969
119.999969
119.999970
119.999970
119.999970
119.999970
119.999970
119.999970
119.999970
119.999971
119.999971
119.999971
119.999971
119.999971
119.999971
119.999972
119.999972
119.999972
119.999972
119.999972
119.999972
119.999972
119.999973
119.999973
119.999973
119.999973
119.999973
119.999973
119.999973
119.999974
119.999974
119.999974
119.999974
119.999974
119.999974
119.999974
119.999974
119.999975
119.999975
119.999975
119.999975
119.999975
119.999975
119.999975
119.999975
119.999976
119.999976
119.999976
119.999976
119.999976
119.999976
119.999976
119.999976
119.999977
119.999977
119.999977
119.999977
119.999977
119.999977
119.999977
119.999977
119.999978
119.999978
119.999978
119.999978
119.999978
119.999978
119.999978
119.999978
119.999978
119.999979
119.999979
119.999979
119.999979
119.999979
119.999979
119.999979
119.999979
119.999979
119.999980
119.999980
119.999980
119.999980
119.999980
119.999980
119.999980
119.999980
119.999980
119.999980
119.999981
119.999981
119.999981
119.999981
119.999981
119.999981
119.999981
119.999981
119.999981
119.999981
119.999982
119.999982
119.999982
119.999982
119.999982
119.999982
119.999982
119.999982
119.999982
119.999982
119.999982
119.999983
119.999983
119.999983
119.999983
119.999983
119.999983
119.999983
119.999983
119.999983
119.999983
119.999983
119.999983
119.999984
119.999984
119.999984
119.999984
119.999984
119.999984
119.999984
119.999984
119.999984
119.999984
119.999984
119.999984
119.999985
119.999985
119.999985
119.999985
119.999985
119.999985
119.999985
119.999985
119.999985
119.999985
119.999985
119.999985
119.999985
119.999986
119.999986
119.999986
119.999986
119.999986
119.999986
119.999986
119.999986
119.999986
119.999986
119.999986
119.999986
119.999986
119.999986
119.999987
119.999987
119.999987
119.999987
119.999987
119.999987
119.999987
119.999987
119.999987
119.999987
119.999987
119.999987
119.999987
119.999987
119.999987
119.999988
119.999988
119.999988
119.999988
119.999988
119.999988
119.999988
119.999988
119.999988
119.999988
119.999988
119.999988
119.999988
119.999988
119.999988
119.999988
119.999989
119.999989
119.999989
119.999989
119.999989
119.999989
119.999989
119.999989
119.999989
119.999989
119.999989
119.999989
119.999989
119.999989
119.999989
119.999989
119.999989
119.999989
119.999990
119.999990
119.999990
119.999990
119.999990
119.999990
119.999990
119.999990
119.999990
119.999990
119.999990
119.999990
119.999990
119.999990
119.999990
119.999990
119.999990
119.999990
119.999990
119.999991
119.999991
119.999991
119.999991
119.999991
119.999991
119.999991
119.999991
119.999991
119.999991
119.999991
119.999991
119.999991
119.999991
119.999991
119.999991
119.999991
119.999991
119.999991
119.999991
119.999991
119.999991
119.999992
119.999992
119.999992
119.999992
119.999992
119.999992
119.999992
119.999992
119.999992
119.999992
119.999992
119.999992
119.999992
119.999992
119.999992
119.999992
119.999992
119.999992
119.999992
119.999992
119.999992
119.999992
119.999992
119.999992
119.999993
119.999993
119.999993
119.999993
119.999993
119.999993
119.999993
119.999993
119.999993
119.999993
119.999993
119.999993
119.999993
119.999993
119.999993
119.999993
119.999993
119.999993
119.999993
119.999993
119.999993
119.999993
119.999993
119.999993
119.999993
119.999993
119.999993
119.999993
119.999994
119.999994
119.999994
119.999994
119.999994
119.999994
119.999994
119.999994
119.999994
119.999994
119.999994
119.999994
119.999994
119.999994
119.999994
119.999994
119.999994
119.999994
119.999994
119.999994
119.999994
119.999994
119.999994
119.999994
119.999994
119.999994
119.999994
119.999994
119.999994
119.999994
119.999994
119.999994
119.999994
119.999995
119.999995
119.999995
119.999995
119.999995
119.999995
119.999995
119.999995
119.999995
119.999995
119.999995
119.999995
119.999995
119.999995
119.999995
119.999995
119.999995
119.999995
119.999995
119.999995
119.999995
119.999995
119.999995
119.999995
119.999995
119.999995
119.999995
119.999995
119.999995
119.999995
119.999995
119.999995
119.999995
119.999995
119.999995
119.999995
119.999995
119.999995
119.999995
119.999996
119.999996
119.999996
119.999996
119.999996
119.999996
119.999996
119.999996
119.999996
119.999996
119.999996
119.999996
119.999996
119.999996
119.999996
119.999996
119.999996
119.999996
119.999996
119.999996
119.999996
119.999996
119.999996
119.999996
119.999996
119.999996
119.999996
119.999996
119.999996
119.999996
119.999996
119.999996
119.999996
119.999996
119.999996
119.999996
119.999996
119.999996
119.999996
119.999996
119.999996
119.999996
119.999996
119.999996
119.999996
119.999996
119.999996
119.999996
119.999996
119.999997
119.999997
119.999997
119.999997
119.999997
119.999997
119.999997
119.999997
119.999997
119.999997
119.999997
119.999997
119.999997
119.999997
119.999997
119.999997
119.999997
119.999997
119.999997
119.999997
119.999997
119.999997
119.999997
119.999997
119.999997
119.999997
119.999997
119.999997
119.999997
119.999997
119.999997
119.999997
119.999997
119.999997
119.999997
119.999997
119.999997
119.999997
119.999997
119.999997
119.999997
